[38;5;8;48;5;0m [38;5;8;48;5;0m [38;5;8;48;5;0m [38;5;8;48;5;0m [38;5;255;48;5;0m▄[38;5;255;48;5;0m▄[38;5;255;48;5;0m▄[38;5;255;48;5;0m▄[38;5;255;48;5;0m▄[38;5;255;48;5;0m▄[38;5;255;48;5;0m▄[38;5;255;48;5;0m▄[38;5;255;48;5;0m▄[38;5;255;48;5;0m▄[38;5;255;48;5;0m▄[38;5;255;48;5;0m▄[38;5;255;48;5;0m▄[38;5;8;48;5;0m [38;5;8;48;5;0m [38;5;8;48;5;0m [38;5;8;48;5;0m 
[38;5;8;48;5;0m [38;5;8;48;5;0m [38;5;8;48;5;0m [38;5;255;48;5;0m█[38;5;7;48;5;0m█[38;5;7;48;5;0m█[38;5;7;48;5;0m█[38;5;7;48;5;0m█[38;5;7;48;5;0m█[38;5;7;48;5;0m█[38;5;7;48;5;0m█[38;5;7;48;5;0m█[38;5;7;48;5;0m█[38;5;7;48;5;0m█[38;5;7;48;5;0m█[38;5;7;48;5;0m█[38;5;7;48;5;0m█[38;5;255;48;5;0m█[38;5;8;48;5;0m [38;5;8;48;5;0m [38;5;8;48;5;0m 
[38;5;7;48;5;0m [38;5;7;48;5;0m [38;5;255;48;5;0m█[38;5;7;48;5;0m█[38;5;7;48;5;0m█[38;5;7;48;5;0m█[38;5;7;48;5;0m█[38;5;7;48;5;0m█[38;5;7;48;5;0m█[38;5;7;48;5;0m█[38;5;7;48;5;0m█[38;5;7;48;5;0m█[38;5;7;48;5;0m█[38;5;7;48;5;0m█[38;5;7;48;5;0m█[38;5;7;48;5;0m█[38;5;7;48;5;0m█[38;5;7;48;5;0m█[38;5;255;48;5;0m█[38;5;8;48;5;0m [38;5;8;48;5;0m 
[38;5;7;48;5;0m [38;5;255;48;5;0m█[38;5;7;48;5;0m█[38;5;7;48;5;0m█[38;5;7;48;5;0m█[38;5;7;48;5;0m█[38;5;7;48;5;0m█[38;5;7;48;5;0m█[38;5;232;48;5;0m█[38;5;232;48;5;0m█[38;5;232;48;5;0m█[38;5;232;48;5;0m█[38;5;232;48;5;0m█[38;5;7;48;5;0m█[38;5;7;48;5;0m█[38;5;7;48;5;0m█[38;5;7;48;5;0m█[38;5;7;48;5;0m█[38;5;7;48;5;0m█[38;5;255;48;5;0m█[38;5;8;48;5;0m 
[38;5;255;48;5;0m█[38;5;7;48;5;0m█[38;5;7;48;5;0m█[38;5;7;48;5;0m█[38;5;7;48;5;0m█[38;5;7;48;5;0m█[38;5;7;48;5;0m█[38;5;7;48;5;0m█[38;5;232;48;5;0m█[38;5;232;48;5;0m█[38;5;232;48;5;0m█[38;5;232;48;5;0m█[38;5;232;48;5;0m█[38;5;7;48;5;0m█[38;5;7;48;5;0m█[38;5;7;48;5;0m█[38;5;7;48;5;0m█[38;5;7;48;5;0m█[38;5;7;48;5;0m█[38;5;7;48;5;0m█[38;5;255;48;5;0m█
[38;5;7;48;5;0m [38;5;255;48;5;0m█[38;5;7;48;5;0m█[38;5;7;48;5;0m█[38;5;7;48;5;0m█[38;5;7;48;5;0m█[38;5;7;48;5;0m█[38;5;7;48;5;0m█[38;5;232;48;5;0m█[38;5;232;48;5;0m█[38;5;232;48;5;0m█[38;5;232;48;5;0m█[38;5;232;48;5;0m█[38;5;7;48;5;0m█[38;5;7;48;5;0m█[38;5;7;48;5;0m█[38;5;7;48;5;0m█[38;5;7;48;5;0m█[38;5;7;48;5;0m█[38;5;255;48;5;0m█[38;5;8;48;5;0m 
[38;5;8;48;5;0m [38;5;8;48;5;0m [38;5;255;48;5;0m█[38;5;7;48;5;0m█[38;5;7;48;5;0m█[38;5;7;48;5;0m█[38;5;7;48;5;0m█[38;5;7;48;5;0m█[38;5;7;48;5;0m█[38;5;255;48;5;0m█[38;5;7;48;5;0m█[38;5;7;48;5;0m█[38;5;7;48;5;0m█[38;5;7;48;5;0m█[38;5;7;48;5;0m█[38;5;7;48;5;0m█[38;5;7;48;5;0m█[38;5;7;48;5;0m█[38;5;255;48;5;0m█[38;5;8;48;5;0m [38;5;8;48;5;0m 
[38;5;8;48;5;0m [38;5;8;48;5;0m [38;5;8;48;5;0m [38;5;255;48;5;0m█[38;5;7;48;5;0m█[38;5;7;48;5;0m█[38;5;7;48;5;0m█[38;5;7;48;5;0m█[38;5;7;48;5;0m█[38;5;7;48;5;0m█[38;5;7;48;5;0m█[38;5;7;48;5;0m█[38;5;7;48;5;0m█[38;5;7;48;5;0m█[38;5;7;48;5;0m█[38;5;7;48;5;0m█[38;5;7;48;5;0m█[38;5;255;48;5;0m█[38;5;8;48;5;0m [38;5;8;48;5;0m [38;5;8;48;5;0m 
[38;5;8;48;5;0m [38;5;8;48;5;0m [38;5;8;48;5;0m [38;5;8;48;5;0m [38;5;255;48;5;0m▀[38;5;255;48;5;0m▀[38;5;255;48;5;0m▀[38;5;255;48;5;0m▀[38;5;255;48;5;0m▀[38;5;255;48;5;0m▀[38;5;255;48;5;0m▀[38;5;255;48;5;0m▀[38;5;255;48;5;0m▀[38;5;255;48;5;0m▀[38;5;255;48;5;0m▀[38;5;255;48;5;0m▀[38;5;255;48;5;0m▀[38;5;8;48;5;0m [38;5;8;48;5;0m [38;5;8;48;5;0m [38;5;8;48;5;0m 
[38;5;8;48;5;0m [38;5;8;48;5;0m [38;5;8;48;5;0m [38;5;8;48;5;0m [38;5;8;48;5;0m [38;5;8;48;5;0m [38;5;8;48;5;0m [38;5;8;48;5;0m [38;5;8;48;5;0m [38;5;8;48;5;0m [38;5;8;48;5;0m [38;5;8;48;5;0m [38;5;8;48;5;0m [38;5;8;48;5;0m [38;5;8;48;5;0m [38;5;8;48;5;0m [38;5;8;48;5;0m [38;5;8;48;5;0m [38;5;8;48;5;0m [38;5;8;48;5;0m [38;5;8;48;5;0m 
[38;5;7;48;5;0m [38;5;7;48;5;0m [38;5;7;48;5;0m [38;5;45;48;5;0m█[38;5;45;48;5;0m▄[38;5;7;48;5;0m [38;5;45;48;5;0m▄[38;5;45;48;5;0m█[38;5;7;48;5;0m [38;5;45;48;5;0m█[38;5;7;48;5;0m [38;5;45;48;5;0m█[38;5;45;48;5;0m█[38;5;45;48;5;0m█[38;5;7;48;5;0m [38;5;45;48;5;0m█[38;5;7;48;5;0m [38;5;45;48;5;0m█[38;5;7;48;5;0m [38;5;7;48;5;0m [38;5;7;48;5;0m 
[38;5;7;48;5;0m [38;5;7;48;5;0m [38;5;7;48;5;0m [38;5;45;48;5;0m█[38;5;7;48;5;0m [38;5;45;48;5;0m▀[38;5;7;48;5;0m [38;5;45;48;5;0m█[38;5;7;48;5;0m [38;5;45;48;5;0m█[38;5;7;48;5;0m [38;5;45;48;5;0m█[38;5;45;48;5;0m█[38;5;45;48;5;0m█[38;5;7;48;5;0m [38;5;45;48;5;0m█[38;5;7;48;5;0m [38;5;45;48;5;0m█[38;5;7;48;5;0m [38;5;8;48;5;0m [38;5;8;48;5;0m 
[38;5;7;48;5;0m [38;5;7;48;5;0m [38;5;7;48;5;0m [38;5;45;48;5;0m█[38;5;7;48;5;0m [38;5;7;48;5;0m [38;5;7;48;5;0m [38;5;45;48;5;0m█[38;5;7;48;5;0m [38;5;45;48;5;0m█[38;5;7;48;5;0m [38;5;45;48;5;0m█[38;5;45;48;5;0m▀[38;5;45;48;5;0m▄[38;5;7;48;5;0m [38;5;45;48;5;0m█[38;5;45;48;5;0m█[38;5;45;48;5;0m█[38;5;7;48;5;0m [38;5;8;48;5;0m [38;5;8;48;5;0m 
[0m